Linijinė Būsto Paskola 
Mėnesis        Mėnesinė įmoka                Kreditai            Palūkanos                     Nesumokėti kreditai
1 Mėn.         49.74                         28.90               20.83                         5000.00
2 Mėn.         49.61                         28.90               20.71                         4971.10
3 Mėn.         49.49                         28.90               20.59                         4942.20
4 Mėn.         49.37                         28.90               20.47                         4913.29
5 Mėn.         49.25                         28.90               20.35                         4884.39
6 Mėn.         49.13                         28.90               20.23                         4855.49
7 Mėn.         49.01                         28.90               20.11                         4826.59
8 Mėn.         48.89                         28.90               19.99                         4797.69
9 Mėn.         48.77                         28.90               19.87                         4768.79
10 Mėn.        48.65                         28.90               19.75                         4739.88
11 Mėn.        48.53                         28.90               19.63                         4710.98
12 Mėn.        48.41                         28.90               19.51                         4682.08
13 Mėn.        19.39                         0.00                19.39                         4653.18
14 Mėn.        19.39                         0.00                19.39                         4653.18
15 Mėn.        19.39                         0.00                19.39                         4653.18
16 Mėn.        19.39                         0.00                19.39                         4653.18
17 Mėn.        19.39                         0.00                19.39                         4653.18
18 Mėn.        48.29                         28.90               19.39                         4653.18
19 Mėn.        48.17                         28.90               19.27                         4624.28
20 Mėn.        48.05                         28.90               19.15                         4595.38
21 Mėn.        47.93                         28.90               19.03                         4566.47
22 Mėn.        47.81                         28.90               18.91                         4537.57
23 Mėn.        47.69                         28.90               18.79                         4508.67
24 Mėn.        47.57                         28.90               18.67                         4479.77
25 Mėn.        47.45                         28.90               18.55                         4450.87
26 Mėn.        47.33                         28.90               18.42                         4421.97
27 Mėn.        47.21                         28.90               18.30                         4393.06
28 Mėn.        47.09                         28.90               18.18                         4364.16
29 Mėn.        46.97                         28.90               18.06                         4335.26
30 Mėn.        46.84                         28.90               17.94                         4306.36
31 Mėn.        46.72                         28.90               17.82                         4277.46
32 Mėn.        46.60                         28.90               17.70                         4248.55
33 Mėn.        46.48                         28.90               17.58                         4219.65
34 Mėn.        46.36                         28.90               17.46                         4190.75
35 Mėn.        46.24                         28.90               17.34                         4161.85
36 Mėn.        46.12                         28.90               17.22                         4132.95
37 Mėn.        46.00                         28.90               17.10                         4104.05
38 Mėn.        45.88                         28.90               16.98                         4075.14
39 Mėn.        45.76                         28.90               16.86                         4046.24
40 Mėn.        45.64                         28.90               16.74                         4017.34
41 Mėn.        45.52                         28.90               16.62                         3988.44
42 Mėn.        45.40                         28.90               16.50                         3959.54
43 Mėn.        45.28                         28.90               16.38                         3930.64
44 Mėn.        45.16                         28.90               16.26                         3901.73
45 Mėn.        45.04                         28.90               16.14                         3872.83
46 Mėn.        44.92                         28.90               16.02                         3843.93
47 Mėn.        44.80                         28.90               15.90                         3815.03
48 Mėn.        44.68                         28.90               15.78                         3786.13
49 Mėn.        44.56                         28.90               15.66                         3757.23
50 Mėn.        44.44                         28.90               15.53                         3728.32
51 Mėn.        44.32                         28.90               15.41                         3699.42
52 Mėn.        44.20                         28.90               15.29                         3670.52
53 Mėn.        44.08                         28.90               15.17                         3641.62
54 Mėn.        43.95                         28.90               15.05                         3612.72
55 Mėn.        43.83                         28.90               14.93                         3583.82
56 Mėn.        43.71                         28.90               14.81                         3554.91
57 Mėn.        43.59                         28.90               14.69                         3526.01
58 Mėn.        43.47                         28.90               14.57                         3497.11
59 Mėn.        43.35                         28.90               14.45                         3468.21
60 Mėn.        43.23                         28.90               14.33                         3439.31
61 Mėn.        43.11                         28.90               14.21                         3410.40
62 Mėn.        42.99                         28.90               14.09                         3381.50
63 Mėn.        42.87                         28.90               13.97                         3352.60
64 Mėn.        42.75                         28.90               13.85                         3323.70
65 Mėn.        42.63                         28.90               13.73                         3294.80
66 Mėn.        42.51                         28.90               13.61                         3265.90
67 Mėn.        42.39                         28.90               13.49                         3236.99
68 Mėn.        42.27                         28.90               13.37                         3208.09
69 Mėn.        42.15                         28.90               13.25                         3179.19
70 Mėn.        42.03                         28.90               13.13                         3150.29
71 Mėn.        41.91                         28.90               13.01                         3121.39
72 Mėn.        41.79                         28.90               12.89                         3092.49
73 Mėn.        41.67                         28.90               12.76                         3063.58
74 Mėn.        41.55                         28.90               12.64                         3034.68
75 Mėn.        41.43                         28.90               12.52                         3005.78
76 Mėn.        41.31                         28.90               12.40                         2976.88
77 Mėn.        41.18                         28.90               12.28                         2947.98
78 Mėn.        41.06                         28.90               12.16                         2919.08
79 Mėn.        40.94                         28.90               12.04                         2890.17
80 Mėn.        40.82                         28.90               11.92                         2861.27
81 Mėn.        40.70                         28.90               11.80                         2832.37
82 Mėn.        40.58                         28.90               11.68                         2803.47
83 Mėn.        40.46                         28.90               11.56                         2774.57
84 Mėn.        40.34                         28.90               11.44                         2745.66
85 Mėn.        40.22                         28.90               11.32                         2716.76
86 Mėn.        40.10                         28.90               11.20                         2687.86
87 Mėn.        39.98                         28.90               11.08                         2658.96
88 Mėn.        39.86                         28.90               10.96                         2630.06
89 Mėn.        39.74                         28.90               10.84                         2601.16
90 Mėn.        39.62                         28.90               10.72                         2572.25
91 Mėn.        39.50                         28.90               10.60                         2543.35
92 Mėn.        39.38                         28.90               10.48                         2514.45
93 Mėn.        39.26                         28.90               10.36                         2485.55
94 Mėn.        39.14                         28.90               10.24                         2456.65
95 Mėn.        39.02                         28.90               10.12                         2427.75
96 Mėn.        38.90                         28.90               10.00                         2398.84
97 Mėn.        38.78                         28.90               9.87                          2369.94
98 Mėn.        38.66                         28.90               9.75                          2341.04
99 Mėn.        38.54                         28.90               9.63                          2312.14
100 Mėn.       38.42                         28.90               9.51                          2283.24
101 Mėn.       38.29                         28.90               9.39                          2254.34
102 Mėn.       38.17                         28.90               9.27                          2225.43
103 Mėn.       38.05                         28.90               9.15                          2196.53
104 Mėn.       37.93                         28.90               9.03                          2167.63
105 Mėn.       37.81                         28.90               8.91                          2138.73
106 Mėn.       37.69                         28.90               8.79                          2109.83
107 Mėn.       37.57                         28.90               8.67                          2080.92
108 Mėn.       37.45                         28.90               8.55                          2052.02
109 Mėn.       37.33                         28.90               8.43                          2023.12
110 Mėn.       37.21                         28.90               8.31                          1994.22
111 Mėn.       37.09                         28.90               8.19                          1965.32
112 Mėn.       36.97                         28.90               8.07                          1936.42
113 Mėn.       36.85                         28.90               7.95                          1907.51
114 Mėn.       36.73                         28.90               7.83                          1878.61
115 Mėn.       36.61                         28.90               7.71                          1849.71
116 Mėn.       36.49                         28.90               7.59                          1820.81
117 Mėn.       36.37                         28.90               7.47                          1791.91
118 Mėn.       36.25                         28.90               7.35                          1763.01
119 Mėn.       36.13                         28.90               7.23                          1734.10
120 Mėn.       36.01                         28.90               7.11                          1705.20
121 Mėn.       35.89                         28.90               6.98                          1676.30
122 Mėn.       35.77                         28.90               6.86                          1647.40
123 Mėn.       35.65                         28.90               6.74                          1618.50
124 Mėn.       35.53                         28.90               6.62                          1589.60
125 Mėn.       35.40                         28.90               6.50                          1560.69
126 Mėn.       35.28                         28.90               6.38                          1531.79
127 Mėn.       35.16                         28.90               6.26                          1502.89
128 Mėn.       35.04                         28.90               6.14                          1473.99
129 Mėn.       34.92                         28.90               6.02                          1445.09
130 Mėn.       34.80                         28.90               5.90                          1416.18
131 Mėn.       34.68                         28.90               5.78                          1387.28
132 Mėn.       34.56                         28.90               5.66                          1358.38
133 Mėn.       34.44                         28.90               5.54                          1329.48
134 Mėn.       34.32                         28.90               5.42                          1300.58
135 Mėn.       34.20                         28.90               5.30                          1271.68
136 Mėn.       34.08                         28.90               5.18                          1242.77
137 Mėn.       33.96                         28.90               5.06                          1213.87
138 Mėn.       33.84                         28.90               4.94                          1184.97
139 Mėn.       33.72                         28.90               4.82                          1156.07
140 Mėn.       33.60                         28.90               4.70                          1127.17
141 Mėn.       33.48                         28.90               4.58                          1098.27
142 Mėn.       33.36                         28.90               4.46                          1069.36
143 Mėn.       33.24                         28.90               4.34                          1040.46
144 Mėn.       33.12                         28.90               4.21                          1011.56
145 Mėn.       33.00                         28.90               4.09                          982.66
146 Mėn.       32.88                         28.90               3.97                          953.76
147 Mėn.       32.76                         28.90               3.85                          924.86
148 Mėn.       32.63                         28.90               3.73                          895.95
149 Mėn.       32.51                         28.90               3.61                          867.05
150 Mėn.       32.39                         28.90               3.49                          838.15
151 Mėn.       32.27                         28.90               3.37                          809.25
152 Mėn.       32.15                         28.90               3.25                          780.35
153 Mėn.       32.03                         28.90               3.13                          751.45
154 Mėn.       31.91                         28.90               3.01                          722.54
155 Mėn.       31.79                         28.90               2.89                          693.64
156 Mėn.       31.67                         28.90               2.77                          664.74
157 Mėn.       31.55                         28.90               2.65                          635.84
158 Mėn.       31.43                         28.90               2.53                          606.94
159 Mėn.       31.31                         28.90               2.41                          578.03
160 Mėn.       31.19                         28.90               2.29                          549.13
161 Mėn.       31.07                         28.90               2.17                          520.23
162 Mėn.       30.95                         28.90               2.05                          491.33
163 Mėn.       30.83                         28.90               1.93                          462.43
164 Mėn.       30.71                         28.90               1.81                          433.53
165 Mėn.       30.59                         28.90               1.69                          404.62
166 Mėn.       30.47                         28.90               1.57                          375.72
167 Mėn.       30.35                         28.90               1.45                          346.82
168 Mėn.       30.23                         28.90               1.32                          317.92
169 Mėn.       30.11                         28.90               1.20                          289.02
170 Mėn.       29.99                         28.90               1.08                          260.12
171 Mėn.       29.87                         28.90               0.96                          231.21
172 Mėn.       29.74                         28.90               0.84                          202.31
173 Mėn.       29.62                         28.90               0.72                          173.41
Papildomai sumoketa:1907.634874759153